0.025 6 24 1 20
0.062 38 14 43 18
0.066 6 24 14 17
0.095 38 14 28 10
0.101 28 10 38 14
0.101 43 18 38 14
0.102 43 18 45 13
0.106 37 40 32 42
0.116 32 42 37 40
0.117 1 20 6 24
0.117 14 17 6 24
0.124 1 20 2 21
0.125 2 21 1 20
0.133 22 28 19 20
0.133 14 17 19 20
0.133 45 13 42 3
0.144 19 20 22 28
0.144 14 17 22 28
0.162 45 13 43 18
0.166 19 20 14 17
0.167 28 10 36 4
0.167 42 3 36 4
0.167 45 13 36 4
0.176 42 3 50 4
0.176 45 13 50 4
0.184 45 13 49 19
0.192 42 35 42 34
0.192 32 42 42 34
0.195 36 4 28 10
0.202 50 4 45 13
0.202 36 4 45 13
0.202 42 3 45 13
0.202 49 19 45 13
0.204 19 20 24 22
0.206 42 35 32 42
0.21 36 4 35 9
0.21 42 3 35 9
0.221 16 40 22 45
0.223 42 34 42 35
0.233 36 4 33 1
0.233 42 3 33 1
0.233 35 9 33 1
0.233 24 22 19 20
0.233 50 4 42 3
0.233 36 4 42 3
0.233 33 1 42 3
0.233 35 9 42 3
0.235 24 22 30 28
0.267 33 1 36 4
0.267 35 9 36 4
0.274 49 19 45 19
0.281 30 28 27 39
0.281 16 40 27 39
0.281 33 49 27 39
0.281 22 45 27 39
0.284 45 19 49 19
0.289 42 34 49 38
0.292 22 45 16 40
0.292 27 39 16 40
0.292 49 38 42 34
0.304 30 28 24 22
0.31 45 19 35 13
0.31 33 1 35 13
0.31 35 9 35 13
0.31 22 45 20 41
0.31 27 39 20 41
0.31 35 13 35 9
0.31 33 1 35 9
0.314 35 13 29 20
0.314 30 28 29 20
0.321 20 41 22 45
0.321 33 49 22 45
0.321 27 39 22 45
0.335 29 20 30 28
0.347 49 38 35 37
0.347 33 49 35 37
0.347 27 39 35 37
0.359 6 9 15 14
0.36 35 13 33 6
0.373 35 37 33 49
0.373 27 39 33 49
0.374 35 13 45 19
0.375 35 13 30 12
0.375 33 6 30 12
0.375 15 14 30 12
0.375 29 20 30 12
0.381 35 37 27 39
0.381 20 41 27 39
0.386 6 9 10 1
0.394 35 37 37 40
0.395 35 13 38 14
0.395 30 12 38 14
0.395 33 6 38 14
0.395 29 20 38 14
0.395 6 9 1 20
0.406 37 40 26 42
0.406 35 37 26 42
0.406 20 41 26 42
0.41 30 12 35 13
0.41 33 6 35 13
0.41 38 14 35 13
0.41 29 20 35 13
0.41 26 42 20 41
0.413 37 40 29 50
0.413 26 42 29 50
0.414 30 12 29 20
0.414 38 14 29 20
0.431 8 46 8 48
0.432 1 20 10 19
0.432 6 9 10 19
0.432 15 14 10 19
0.446 8 48 8 46
0.447 37 40 35 37
0.447 26 42 35 37
0.447 1 20 6 9
0.447 15 14 6 9
0.447 10 1 6 9
0.447 10 19 6 9
0.452 26 42 17 39
0.459 10 19 15 14
0.46 30 12 33 6
0.46 38 14 33 6
0.462 17 39 6 41
0.462 8 48 6 41
0.462 30 12 40 14
0.462 48 22 40 14
0.462 38 14 40 14
0.465 40 14 43 18
0.465 48 22 43 18
0.475 43 18 30 12
0.475 40 14 30 12
0.475 38 14 30 12
0.476 37 40 32 35
0.476 26 42 32 35
0.476 29 50 32 42
0.476 32 35 32 42
0.476 26 42 32 42
0.477 32 35 22 28
0.477 17 39 22 28
0.479 37 40 37 43
0.479 29 50 37 43
0.479 32 35 37 43
0.479 32 42 37 43
0.479 26 42 37 43
0.48 6 41 0 37
0.484 43 18 40 10
0.484 40 14 40 10
0.484 38 14 40 10
0.484 17 39 6 42
0.484 0 37 6 42
0.484 6 41 6 42
0.484 8 48 6 42
0.487 10 19 2 21
0.489 48 22 49 30
0.494 37 43 37 40
0.494 32 35 37 40
0.494 26 42 37 40
0.494 37 43 37 38
0.494 32 35 37 38
0.494 32 42 37 38
0.494 26 42 37 38
0.495 40 14 38 14
0.495 40 10 38 14
0.495 48 22 38 14
0.495 10 19 1 20
0.496 0 37 2 34
0.496 2 21 2 34
0.496 6 41 2 34
0.496 6 42 2 34
0.496 40 14 42 3
0.496 40 10 42 3
0.501 37 43 36 43
0.501 29 50 36 43
0.501 32 35 36 43
0.501 37 38 36 43
0.501 32 42 36 43
0.501 26 42 36 43
0.505 22 28 24 36
0.505 32 35 24 36
0.505 32 42 24 36
0.505 17 39 24 36
0.505 26 42 24 36
0.506 2 21 10 12
0.506 10 19 10 12
0.506 37 43 26 42
0.506 29 50 26 42
0.506 22 28 26 42
0.506 32 35 26 42
0.506 37 38 26 42
0.506 32 42 26 42
0.506 17 39 26 42
0.506 24 36 26 42
0.506 36 43 26 42
0.51 37 43 30 49
0.51 29 50 30 49
0.51 32 35 30 49
0.51 37 38 30 49
0.51 32 42 30 49
0.51 36 43 30 49
0.513 37 43 29 50
0.513 30 49 29 50
0.513 32 42 29 50
0.513 36 43 29 50
0.527 2 34 11 31
0.527 22 28 11 31
0.527 17 39 11 31
0.527 0 37 11 31
0.527 2 21 11 31
0.527 6 41 11 31
0.527 6 42 11 31
0.531 22 28 17 24
0.531 11 31 17 24
0.531 10 19 17 24
0.531 17 39 8 48
0.531 6 41 8 48
0.531 6 42 8 48
0.532 37 43 32 37
0.532 32 35 32 37
0.532 30 49 32 37
0.532 37 38 32 37
0.532 32 42 32 37
0.532 24 36 32 37
0.532 36 43 32 37
0.532 17 24 10 19
0.532 10 12 10 19
0.532 2 21 10 19
0.545 17 24 11 33
0.545 2 34 11 33
0.545 11 31 11 33
0.545 17 39 11 33
0.545 0 37 11 33
0.545 6 41 11 33
0.545 6 42 11 33
0.55 26 10 17 13
0.55 17 24 17 13
0.55 10 12 17 13
0.552 11 33 17 39
0.552 11 31 17 39
0.552 24 36 17 39
0.552 6 41 17 39
0.552 6 42 17 39
0.558 0 37 2 48
0.558 6 41 2 48
0.558 6 42 2 48
0.56 2 34 10 40
0.56 11 33 10 40
0.56 11 31 10 40
0.56 0 37 10 40
0.56 6 41 10 40
0.56 6 42 10 40
0.56 2 48 10 40
0.561 43 18 48 22
0.561 40 14 48 22
0.561 49 30 48 22
0.562 2 34 6 41
0.562 10 40 6 41
0.562 11 33 6 41
0.562 11 31 6 41
0.562 0 37 6 41
0.562 6 42 6 41
0.562 2 48 6 41
0.562 40 10 50 4
0.562 43 18 40 14
0.562 42 3 40 14
0.562 40 10 40 14
0.562 10 40 16 40
0.562 11 33 16 40
0.562 11 31 16 40
0.562 24 36 16 40
0.562 6 42 16 40
0.565 40 10 43 18
0.565 49 30 43 18
0.572 17 24 6 24
0.572 2 34 6 24
0.572 11 33 6 24
0.572 11 31 6 24
0.572 2 21 6 24
0.574 26 10 16 7
0.574 17 13 16 7
0.574 10 12 16 7
0.576 37 43 32 35
0.576 32 37 32 35
0.576 22 28 32 35
0.576 37 38 32 35
0.576 32 42 32 35
0.576 24 36 32 35
0.576 36 43 32 35
0.576 37 43 32 42
0.576 32 37 32 42
0.576 30 49 32 42
0.576 37 38 32 42
0.576 24 36 32 42
0.576 36 43 32 42
0.577 17 24 22 28
0.577 32 37 22 28
0.577 11 31 22 28
0.577 24 36 22 28
0.579 32 37 37 43
0.579 30 49 37 43
0.579 37 38 37 43
0.579 36 43 37 43
0.58 2 34 0 37
0.58 10 40 0 37
0.58 11 33 0 37
0.58 6 42 0 37
0.58 2 48 0 37
0.584 50 4 40 10
0.584 42 3 40 10
0.584 2 34 6 42
0.584 10 40 6 42
0.584 11 33 6 42
0.584 16 40 6 42
0.584 11 31 6 42
0.584 2 48 6 42
0.585 32 37 30 28
0.585 37 38 30 28
0.585 24 36 30 28
0.587 6 24 2 21
0.587 2 34 2 21
0.587 10 12 2 21
0.594 30 28 37 38
0.594 32 37 37 38
0.594 24 36 37 38
0.594 36 43 37 38
0.595 26 10 28 10
0.595 17 13 28 10
0.596 6 24 2 34
0.596 10 40 2 34
0.596 11 33 2 34
0.596 11 31 2 34
0.6 30 28 32 34
0.6 32 37 32 34
0.6 30 49 32 34
0.6 24 36 32 34
0.6 36 43 32 34
0.601 32 34 36 43
0.601 32 37 36 43
0.601 30 49 36 43
0.601 24 36 36 43
0.603 26 10 19 20
0.603 17 24 19 20
0.603 17 13 19 20
0.604 28 10 35 9
0.604 26 10 35 9
0.605 32 34 24 36
0.605 32 37 24 36
0.605 11 33 24 36
0.605 16 40 24 36
0.606 6 24 10 12
0.606 16 7 10 12
0.606 19 20 10 12
0.606 17 13 10 12
0.61 32 37 30 49
0.612 50 4 48 7
0.621 17 24 14 17
0.621 16 7 14 17
0.621 17 13 14 17
0.621 26 10 35 1
0.621 35 9 35 1
0.625 28 10 26 10
0.625 16 7 26 10
0.625 17 13 26 10
0.625 14 17 26 10
0.625 35 9 26 10
0.627 6 24 11 31
0.627 17 24 11 31
0.627 10 40 11 31
0.627 11 33 11 31
0.627 16 40 11 31
0.631 6 24 17 24
0.631 11 33 17 24
0.631 19 20 17 24
0.631 17 13 17 24
0.631 14 17 17 24
0.632 32 34 32 37
0.632 30 28 32 37
0.637 48 7 45 13
0.637 35 9 45 13
0.645 6 24 11 33
0.645 10 40 11 33
0.645 16 40 11 33
0.65 28 10 17 13
0.65 16 7 17 13
0.65 19 20 17 13
0.65 14 17 17 13
0.652 35 1 36 4
0.652 48 7 36 4
0.653 28 10 37 7
0.653 35 1 37 7
0.653 36 4 37 7
0.653 45 13 37 7
0.653 48 7 37 7
0.653 35 9 37 7
0.658 32 34 42 35
0.658 49 38 42 35
0.658 10 40 2 48
0.66 16 40 10 40
0.662 37 7 50 4
0.662 48 7 50 4
0.666 28 10 33 1
0.666 35 1 33 1
0.666 37 7 33 1
0.667 32 34 27 39
0.672 19 20 6 24
0.674 45 13 46 21
0.674 49 19 46 21
0.674 14 17 24 22
0.674 14 17 16 7
0.677 46 21 45 19
0.677 45 13 45 19
0.678 30 28 18 28
0.678 19 20 18 28
0.678 14 17 18 28
0.678 24 22 18 28
0.685 32 34 30 28
0.685 19 20 30 28
0.685 18 28 30 28
0.685 27 39 30 28
0.686 12 47 10 38
0.686 18 28 10 38
0.695 33 1 28 10
0.695 19 20 28 10
0.695 37 7 28 10
0.695 24 22 28 10
0.695 35 9 28 10
0.697 32 34 35 37
0.697 42 35 35 37
0.7 35 37 32 34
0.7 42 35 32 34
0.7 27 39 32 34
0.703 18 28 19 20
0.704 35 1 35 9
0.704 37 7 35 9
0.704 45 13 35 9
0.705 10 38 13 44
0.705 12 47 13 44
0.706 13 44 22 45
0.706 12 47 22 45
0.712 36 4 48 7
0.712 45 19 48 7
0.712 37 7 48 7
0.712 45 13 48 7
0.712 49 19 48 7
0.72 13 44 9 32
0.72 10 38 9 32
0.72 18 28 9 32
0.721 18 28 14 17
0.721 36 4 35 1
0.721 33 1 35 1
0.721 37 7 35 1
0.722 24 22 15 14
0.723 13 44 20 41
0.723 10 38 20 41
0.723 12 47 20 41
0.723 9 32 20 41
0.723 18 28 20 41
0.729 36 4 39 5
0.729 33 1 39 5
0.729 37 7 39 5
0.729 45 13 39 5
0.73 22 45 33 49
0.733 10 38 0 40
0.733 9 32 0 40
0.737 45 19 45 13
0.737 37 7 45 13
0.737 39 5 45 13
0.737 46 21 45 13
0.737 37 7 49 7
0.737 39 5 49 7
0.741 49 7 49 19
0.741 46 21 49 19
0.747 0 40 3 43
0.747 13 44 3 43
0.747 10 38 3 43
0.747 12 47 3 43
0.747 9 32 3 43
0.752 37 7 36 4
0.752 39 5 36 4
0.752 42 35 49 38
0.753 49 7 37 7
0.753 33 1 37 7
0.753 39 5 37 7
0.758 35 37 42 35
0.758 6 9 10 14
0.758 15 14 10 14
0.764 10 14 14 1
0.764 6 9 14 1
0.764 15 14 14 1
0.766 10 14 1 20
0.766 45 19 35 26
0.766 35 37 35 26
0.766 46 21 35 26
0.766 24 22 35 26
0.766 39 5 33 1
0.767 18 28 27 39
0.767 35 26 35 13
0.767 39 5 35 13
0.768 35 37 42 34
0.768 35 26 42 34
0.768 46 21 42 34
0.772 33 49 37 40
0.772 42 34 37 40
0.774 45 19 46 21
0.774 35 26 46 21
0.774 18 28 24 22
0.774 15 14 24 22
0.776 20 41 29 50
0.776 33 49 29 50
0.776 22 45 29 50
0.778 0 40 12 47
0.778 13 44 12 47
0.778 3 43 12 47
0.778 10 38 12 47
0.778 20 41 12 47
0.778 22 45 12 47
0.778 9 32 18 28
0.786 0 40 10 38
0.786 13 44 10 38
0.786 3 43 10 38
0.786 20 41 10 38
0.786 9 32 10 38
0.786 22 45 10 38
0.788 37 40 42 50
0.788 33 49 42 50
0.789 49 7 38 14
0.789 35 26 38 14
0.789 39 5 38 14
0.797 35 26 35 37
0.797 42 34 35 37
0.805 3 43 13 44
0.805 20 41 13 44
0.805 9 32 13 44
0.805 22 45 13 44
0.806 29 50 22 45
0.809 33 49 26 42
0.812 10 14 4 8
0.812 1 20 4 8
0.812 6 9 4 8
0.812 15 14 4 8
0.817 35 26 29 25
0.82 0 40 9 32
0.82 3 43 9 32
0.822 4 8 15 14
0.822 10 14 15 14
0.823 29 50 20 41
0.823 37 40 47 37
0.823 42 34 47 37
0.828 26 42 19 40
0.829 35 13 39 5
0.829 49 7 39 5
0.829 38 14 39 5
0.83 19 40 33 49
0.83 37 40 33 49
0.83 29 50 33 49
0.83 42 50 33 49
0.83 26 42 33 49
0.833 3 43 0 40
0.837 38 14 49 7
0.841 19 40 23 50
0.841 29 50 23 50
0.841 26 42 23 50
0.847 23 50 32 42
0.847 42 50 32 42
0.847 35 26 32 42
0.847 42 34 32 42
0.849 29 25 29 20
0.849 35 26 29 20
0.85 4 8 6 9
0.85 10 14 6 9
0.85 14 1 6 9
0.85 10 14 2 21
0.858 47 37 48 47
0.858 42 50 48 47
0.858 4 8 10 14
0.858 1 20 10 14
0.858 2 21 10 14
0.859 35 13 42 3
0.862 4 8 10 12
0.862 1 20 10 12
0.862 14 1 10 12
0.864 19 40 27 47
0.864 37 40 27 47
0.864 23 50 27 47
0.864 29 50 27 47
0.864 32 42 27 47
0.864 26 42 27 47
0.864 4 8 14 1
0.864 10 12 14 1
0.866 29 25 35 26
0.866 38 14 35 26
0.866 42 34 35 26
0.866 29 20 35 26
0.866 37 40 30 49
0.866 27 47 30 49
0.866 23 50 30 49
0.866 42 50 30 49
0.866 26 42 30 49
0.867 29 25 35 13
0.868 42 3 43 18
0.868 37 40 42 34
0.868 47 37 42 34
0.872 47 37 37 40
0.872 42 50 37 40
0.872 30 49 37 40
0.876 27 47 29 50
0.876 23 50 29 50
0.881 6 41 8 46
0.881 29 20 26 10
0.882 29 25 26 23
0.882 26 10 26 23
0.882 29 20 26 23
0.888 32 42 42 50
0.888 48 47 42 50
0.889 26 10 38 14
0.889 42 3 38 14
0.891 27 47 37 43
0.891 47 37 37 43
0.891 48 47 37 43
0.892 29 25 30 12
0.892 26 10 30 12
0.892 26 23 30 12
0.895 27 47 36 43
0.895 47 37 36 43
0.899 19 40 24 36
0.899 29 25 24 36
0.899 27 47 24 36
0.903 30 12 24 4
0.903 26 10 24 4
0.909 19 40 26 42
0.909 27 47 26 42
0.909 23 50 26 42
0.909 30 49 26 42
0.909 19 40 17 39
0.909 27 47 17 39
0.909 2 34 17 39
0.909 8 46 17 39
0.911 19 40 22 28
0.911 29 25 22 28
0.911 26 23 22 28
0.911 29 20 22 28
0.912 10 12 4 8
0.917 30 12 29 25
0.917 22 28 29 25
0.917 24 36 29 25
0.917 26 23 29 25
0.917 29 20 29 25
0.917 10 12 2 7
0.917 2 21 2 7
0.917 10 19 2 7
0.921 2 7 10 1
0.921 10 12 10 1
0.921 27 47 32 35
0.921 26 23 32 35
0.923 37 43 47 37
0.923 48 47 47 37
0.926 19 40 19 29
0.926 22 28 19 29
0.926 17 39 19 29
0.926 24 36 19 29
0.926 26 23 19 29
0.928 27 47 19 40
0.928 23 50 19 40
0.928 22 28 19 40
0.928 32 35 19 40
0.928 8 46 19 40
0.928 19 29 19 40
0.928 30 49 19 40
0.928 17 39 19 40
0.928 24 36 19 40
0.931 24 4 16 7
0.931 10 1 16 7
0.932 29 20 40 14
0.933 8 46 16 40
0.933 19 29 16 40
0.933 17 39 16 40
0.933 6 41 16 40
0.935 22 28 30 28
0.935 32 35 30 28
0.935 19 29 30 28
0.935 26 23 30 28
0.936 26 10 33 6
0.936 24 4 33 6
0.936 40 14 33 6
0.936 42 3 33 6
0.937 43 18 46 17
0.937 40 14 46 17
0.941 27 47 23 50
0.941 30 49 23 50
0.945 27 47 32 37
0.947 30 28 32 42
0.947 27 47 32 42
0.947 16 40 6 41
0.947 8 46 6 41
0.949 26 10 29 20
0.949 22 28 29 20
0.949 40 14 29 20
0.949 26 23 29 20
0.958 37 43 48 47
0.959 33 6 42 3
0.96 50 4 41 1
0.96 33 6 41 1
0.96 40 14 41 1
0.962 2 7 10 12
0.962 10 1 10 12
0.963 41 1 46 12
0.963 50 4 46 12
0.963 43 18 46 12
0.963 40 14 46 12
0.963 46 17 46 12
0.964 37 43 27 47
0.964 32 37 27 47
0.964 30 49 27 47
0.964 17 39 27 47
0.964 24 36 27 47
0.964 36 43 27 47
0.965 37 43 49 44
0.965 36 43 49 44
0.965 19 29 10 19
0.968 30 12 43 18
0.968 46 12 43 18
0.968 46 17 43 18
0.981 16 40 8 46
0.981 17 39 8 46
0.981 30 12 26 10
0.981 24 4 26 10
0.981 33 6 26 10
0.982 30 12 26 23
0.982 30 28 26 23
0.982 22 28 26 23
0.982 19 29 26 23
0.982 41 1 48 7
0.982 46 12 48 7
0.982 40 14 48 7
0.982 46 17 48 7
0.986 16 40 8 48
0.991 49 44 37 43
0.992 24 4 30 12
0.995 49 44 36 43
0.998 41 1 35 9
0.998 46 12 35 9
0.998 33 6 35 9
0.998 40 14 35 9
0.998 46 17 35 9
0.998 48 7 35 9
0.999 30 28 24 36
0.999 19 29 24 36
1.003 16 7 24 4
1.003 33 6 24 4
1.003 35 9 24 4
1.003 22 28 32 34
1.003 32 35 32 34
1.003 19 29 32 34
1.003 37 38 32 34
1.009 32 37 17 39
1.009 22 28 17 39
1.009 16 40 17 39
1.009 19 29 17 39
1.009 8 48 17 39
1.011 32 34 22 28
1.011 30 28 22 28
1.011 19 29 22 28
1.015 37 38 49 38
1.015 49 44 49 38
1.016 46 12 48 22
1.016 46 17 48 22
1.017 10 1 2 7
1.021 16 7 10 1
1.021 32 34 32 35
1.021 30 28 32 35
1.026 32 34 19 29
1.026 30 28 19 29
1.026 16 40 19 29
1.032 41 1 40 14
1.032 46 12 40 14
1.032 33 6 40 14
1.032 46 17 40 14
1.032 48 7 40 14
1.032 35 9 40 14
1.036 41 1 33 6
1.036 35 9 33 6
1.037 46 12 46 17
1.037 48 22 46 17
1.037 48 7 46 17
1.039 41 1 40 10
1.039 46 12 40 10
1.039 48 22 40 10
1.039 48 7 40 10
1.039 35 9 40 10
1.047 37 38 35 37
1.047 41 1 50 4
1.047 46 12 50 4
1.052 37 38 27 39
1.06 46 12 41 1
1.06 40 10 41 1
1.06 48 7 41 1
1.06 35 9 41 1
1.063 40 10 46 12
1.063 48 22 46 12
1.063 48 7 46 12
1.063 35 9 46 12
1.064 32 34 37 38
1.064 49 38 37 38
1.064 35 37 37 38
1.064 27 39 37 38
1.065 49 38 49 44
1.065 49 38 49 30
1.074 11 31 19 20
1.076 11 31 9 32
1.076 6 42 9 32
1.077 9 32 10 40
1.077 8 48 10 40
1.08 9 32 11 33
1.08 9 32 0 37
1.08 40 10 45 19
1.08 48 22 45 19
1.08 49 30 45 19
1.082 40 10 48 7
1.082 35 9 48 7
1.085 19 20 15 14
1.086 10 40 8 48
1.095 40 10 28 10
1.097 40 10 46 21
1.097 48 22 46 21
1.097 49 30 46 21
1.098 40 10 35 9
1.098 40 10 49 19
1.098 48 22 49 19
1.098 49 30 49 19
1.1 40 10 33 1
1.107 45 19 49 7
1.107 40 10 49 7
1.107 49 19 49 7
1.115 49 30 49 38
1.116 45 19 48 22
1.116 46 21 48 22
1.116 49 19 48 22
1.123 11 33 18 28
1.123 11 31 18 28
1.125 10 40 3 43
1.125 0 37 3 43
1.125 6 42 3 43
1.125 2 48 3 43
1.126 9 32 6 24
1.126 18 28 6 24
1.126 15 14 6 24
1.131 9 32 17 24
1.131 18 28 17 24
1.131 15 14 17 24
1.135 10 40 20 41
1.136 49 7 36 4
1.136 40 10 36 4
1.139 36 4 40 10
1.139 49 7 40 10
1.139 45 19 40 10
1.139 33 1 40 10
1.139 49 19 40 10
1.139 3 43 6 42
1.139 9 32 6 42
1.139 27 39 29 50
1.144 20 41 11 31
1.144 9 32 11 31
1.144 18 28 11 31
1.145 17 24 24 22
1.145 35 26 24 22
1.149 27 39 37 40
1.15 24 22 17 13
1.15 15 14 17 13
1.152 37 40 27 39
1.152 29 50 27 39
1.153 17 13 6 9
1.158 29 50 42 50
1.165 45 19 49 30
1.165 46 21 49 30
1.165 49 19 49 30
1.172 49 7 45 13
1.174 28 10 19 20
1.174 15 14 19 20
1.174 28 10 39 5
1.175 4 8 14 17
1.175 24 22 14 17
1.175 6 9 14 17
1.175 15 14 14 17
1.176 6 24 9 32
1.176 17 24 9 32
1.176 10 40 9 32
1.176 11 33 9 32
1.176 0 37 9 32
1.177 3 43 10 40
1.177 20 41 10 40
1.18 18 28 11 33
1.18 3 43 0 37
1.18 49 7 45 19
1.181 6 24 10 14
1.181 17 13 10 14
1.181 14 17 10 14
1.183 36 4 38 14
1.183 46 21 38 14
1.183 45 13 38 14
1.183 49 19 38 14
1.185 17 24 15 14
1.185 17 13 15 14
1.185 14 17 15 14
1.193 37 40 42 35
1.193 47 37 42 35
1.193 35 26 42 35
1.193 3 43 2 48
1.197 38 14 46 21
1.198 38 14 49 19
1.207 45 13 49 7
1.208 38 14 37 7
1.212 22 45 26 42
1.213 4 8 2 21
1.213 6 9 2 21
1.217 20 41 32 42
1.217 33 49 32 42
1.217 22 45 32 42
1.219 17 24 10 12
1.219 10 14 10 12
1.219 14 17 10 12
1.219 6 9 10 12
1.221 39 5 35 1
1.222 35 1 42 3
1.222 37 7 42 3
1.222 39 5 42 3
1.222 38 14 42 3
1.223 33 49 30 49
1.223 22 45 30 49
1.223 6 24 18 28
1.223 17 24 18 28
1.224 35 1 35 13
1.224 36 4 35 13
1.224 37 7 35 13
1.224 42 3 35 13
1.224 45 13 35 13
1.226 10 14 6 24
1.226 10 12 6 24
1.231 10 14 17 24
1.231 24 22 17 24
1.232 24 22 26 23
1.233 13 44 6 41
1.233 12 47 6 41
1.234 20 41 27 47
1.234 33 49 27 47
1.234 22 45 27 47
1.235 27 47 20 41
1.236 10 12 1 20
1.236 35 13 36 4
1.236 38 14 36 4
1.238 35 13 26 10
1.238 37 7 26 10
1.241 6 41 10 38
1.245 35 13 24 22
1.245 26 10 24 22
1.245 17 13 24 22
1.245 26 23 24 22
1.249 27 47 37 40
1.249 42 35 37 40
1.25 10 14 17 13
1.25 6 9 17 13
1.25 14 1 17 13
1.253 14 17 6 9
1.253 10 12 6 9
1.253 2 21 6 9
1.258 47 37 42 50
1.267 10 38 2 34
1.268 14 1 4 8
1.271 35 13 43 18
1.272 35 13 45 13
1.272 38 14 45 13
1.274 35 1 39 5
1.274 42 3 39 5
1.275 10 14 14 17
1.275 10 12 14 17
1.275 26 23 14 17
1.275 2 21 14 17
1.281 10 12 10 14
1.283 37 7 38 14
1.286 42 35 47 37
1.287 27 47 33 49
1.287 30 49 33 49
1.287 32 42 33 49
1.289 42 35 36 43
1.289 48 47 36 43
1.29 27 47 22 45
1.29 10 38 22 45
1.29 30 49 22 45
1.29 32 42 22 45
1.29 26 42 22 45
1.293 30 28 42 35
1.293 32 42 42 35
1.293 36 43 42 35
1.293 26 23 24 36
1.298 13 44 19 40
1.298 10 38 19 40
1.298 12 47 19 40
1.302 30 28 29 25
1.303 19 40 16 40
1.303 27 47 16 40
1.303 13 44 16 40
1.303 10 38 16 40
1.303 12 47 16 40
1.303 26 42 16 40
1.305 19 40 13 44
1.305 16 40 13 44
1.305 6 41 13 44
1.308 35 13 37 7
1.308 26 10 37 7
1.308 42 3 37 7
1.312 16 40 26 42
1.317 19 40 32 42
1.321 42 3 35 1
1.324 26 10 35 13
1.324 43 18 35 13
1.333 19 40 12 47
1.333 16 40 12 47
1.333 6 41 12 47
1.333 2 34 0 40
1.333 6 41 0 40
1.333 0 40 6 41
1.333 10 38 6 41
1.341 19 40 10 38
1.341 2 34 10 38
1.341 16 40 10 38
1.344 37 43 42 34
1.353 43 18 48 7
1.357 29 25 32 37
1.357 22 28 32 37
1.357 42 34 32 37
1.366 19 40 32 35
1.366 29 25 32 35
1.366 42 34 32 35
1.367 0 40 2 34
1.371 48 7 43 18
1.378 37 43 49 38
1.385 29 25 30 28
1.389 42 34 36 43
1.392 24 4 35 9
1.392 29 20 35 9
1.393 37 43 24 36
1.396 17 39 23 50
1.396 29 25 19 29
1.397 37 43 35 37
1.397 32 37 35 37
1.397 32 35 35 37
1.398 32 37 19 40
1.398 16 40 19 40
1.402 32 37 29 25
1.402 32 35 29 25
1.402 19 29 29 25
1.403 50 4 40 14
1.403 23 50 16 40
1.404 35 37 37 43
1.404 42 34 37 43
1.406 42 34 32 34
1.408 35 9 30 12
1.416 0 40 8 46
1.433 19 29 9 32
1.433 17 39 9 32
1.433 8 46 0 40
1.435 42 34 37 38
1.438 23 50 27 39
1.438 32 37 27 39
1.438 32 35 27 39
1.438 17 39 27 39
1.444 32 34 42 34
1.444 32 37 42 34
1.444 32 35 42 34
1.444 37 38 42 34
1.448 24 4 15 14
1.457 35 37 32 37
1.457 27 39 32 37
1.466 35 37 32 35
1.466 27 39 32 35
1.466 9 32 17 39
1.466 27 39 17 39
1.473 15 14 24 4
1.478 35 9 49 7
1.479 32 34 35 26
1.479 37 38 35 26
1.482 37 38 49 44
1.483 40 14 45 19
1.484 35 9 29 20
1.492 30 12 35 9
1.492 49 7 35 9
1.496 27 39 23 50
1.496 9 32 19 29
1.496 27 39 19 29
1.503 8 46 3 43
1.503 49 7 40 14
1.503 45 19 40 14
1.506 35 26 32 34
1.516 3 43 8 46
1.525 10 1 4 8
1.527 29 50 37 40
1.527 37 38 37 40
1.527 49 44 37 40
1.529 49 44 42 50
1.533 1 20 9 32
1.533 33 6 33 1
1.535 37 40 37 38
1.535 42 50 37 38
1.535 35 26 37 38
1.535 49 44 37 38
1.54 3 43 8 48
1.549 49 44 47 37
1.556 4 8 10 1
1.57 35 26 48 22
1.577 11 31 2 21
1.577 45 19 38 14
1.578 46 21 49 7
1.579 20 41 30 49
1.582 37 40 49 44
1.582 47 37 49 44
1.582 42 50 49 44
1.582 19 20 26 23
1.582 18 28 26 23
1.583 38 14 45 19
1.593 33 6 40 10
1.593 46 21 40 10
1.593 20 41 6 42
1.593 18 28 10 40
1.594 33 1 26 10
1.594 38 14 26 10
1.595 33 6 28 10
1.603 8 48 3 43
1.603 19 20 10 14
1.606 4 8 1 20
1.612 28 10 33 6
1.612 33 1 33 6
1.612 40 10 33 6
1.614 37 40 48 47
1.615 28 10 24 22
1.619 40 10 39 5
1.628 8 48 2 48
1.629 30 49 42 50
1.633 26 10 33 1
1.633 38 14 33 1
1.635 32 42 30 28
1.64 20 41 8 48
1.64 2 48 8 48
1.641 47 37 49 30
1.644 10 14 16 7
1.644 6 9 16 7
1.644 14 1 16 7
1.644 30 28 19 20
1.644 10 14 19 20
1.644 16 7 19 20
1.644 10 12 19 20
1.644 26 23 19 20
1.648 11 33 20 41
1.648 30 49 20 41
1.648 6 42 20 41
1.649 49 30 47 37
1.653 2 48 2 34
1.656 16 7 6 9
1.668 26 23 18 28
1.67 40 10 48 22
1.67 38 14 48 22
1.675 10 40 22 45
1.681 28 10 35 13
1.681 24 22 35 13
1.681 40 10 35 13
1.683 33 49 36 43
1.687 24 22 24 36
1.687 22 45 24 36
1.689 16 7 14 1
1.693 35 13 40 10
1.693 28 10 40 10
1.693 39 5 40 10
1.693 22 45 10 40
1.694 36 4 26 10
1.695 35 13 28 10
1.695 16 7 28 10
1.695 39 5 28 10
1.703 16 7 10 14
1.705 24 36 13 44
1.705 2 48 13 44
1.715 13 44 11 33
1.715 24 36 11 33
1.715 30 28 26 42
1.715 13 44 26 42
1.716 36 4 41 1
1.716 39 5 41 1
1.716 45 13 41 1
1.716 33 49 37 43
1.719 41 1 39 5
1.719 36 4 50 4
1.721 41 1 36 4
1.725 35 13 46 17
1.725 45 13 46 17
1.727 37 43 42 35
1.727 49 30 42 35
1.728 13 44 2 48
1.731 30 28 17 24
1.732 6 24 10 19
1.732 14 17 10 19
1.735 17 24 30 28
1.741 42 35 49 30
1.744 37 43 33 49
1.744 36 43 33 49
1.747 24 36 35 37
1.747 36 43 35 37
1.75 10 19 17 13
1.762 41 1 37 7
1.762 43 18 37 7
1.769 22 45 19 40
1.77 42 35 32 37
1.774 50 4 43 18
1.775 19 40 22 45
1.775 32 37 22 45
1.775 24 36 22 45
1.78 6 24 0 37
1.781 10 19 6 24
1.781 46 17 35 13
1.783 35 37 36 43
1.786 35 37 29 25
1.787 35 37 24 36
1.788 37 7 46 12
1.788 45 13 46 12
1.789 10 19 9 32
1.806 46 12 45 13
1.806 46 17 45 13
1.809 29 25 32 34
1.809 37 43 32 34
1.81 42 35 32 35
1.816 37 7 41 1
1.817 32 34 37 43
1.817 42 35 37 43
1.823 17 24 17 39
1.823 10 38 17 39
1.823 12 47 17 39
1.824 19 40 27 39
1.824 22 28 27 39
1.825 37 7 46 17
1.825 35 9 46 17
1.827 32 37 42 35
1.827 32 35 42 35
1.83 22 28 14 17
1.83 10 19 14 17
1.831 29 25 17 24
1.832 17 13 10 19
1.832 9 32 10 19
1.835 32 37 35 26
1.835 22 28 35 26
1.835 32 35 35 26
1.844 35 1 24 4
1.844 17 13 24 4
1.847 22 28 35 37
1.848 46 12 49 7
1.85 24 4 17 13
1.85 22 28 17 13
1.862 46 12 37 7
1.869 32 34 19 40
1.869 9 32 19 40
1.869 27 39 19 40
1.87 35 26 32 37
1.877 35 26 22 28
1.877 9 32 22 28
1.877 27 39 22 28
1.886 46 12 45 19
1.886 35 26 45 19
1.886 32 34 29 25
1.887 17 39 12 47
1.888 49 7 46 12
1.888 45 19 46 12
1.895 19 29 10 38
1.895 17 39 10 38
1.905 32 34 37 40
1.909 37 40 32 34
1.91 19 29 32 35
1.91 35 26 32 35
1.912 37 38 47 37
1.917 4 8 2 7
1.921 24 4 35 1
1.924 19 29 27 39
1.932 35 26 26 23
1.935 40 14 35 26
1.935 26 23 35 26
1.942 40 14 46 21
1.942 42 34 46 21
1.948 40 14 49 7
1.959 2 7 6 9
1.96 23 50 20 41
1.96 32 42 20 41
1.966 30 12 33 1
1.966 40 14 33 1
1.967 20 41 19 29
1.972 33 1 38 14
1.973 46 21 40 14
1.981 2 7 4 8
1.998 48 47 49 44
1.998 42 34 49 44
1.999 42 34 42 50
2.0 2 7 16 7
2.002 2 7 14 1
2.002 10 1 14 1
2.005 47 37 37 38
2.012 20 41 18 28
2.014 29 20 19 20
2.017 6 9 2 7
2.018 19 20 29 20
2.021 49 44 42 34
2.025 33 1 30 12
2.025 19 20 30 12
2.039 8 46 2 34
2.043 20 41 16 40
2.043 18 28 16 40
2.05 16 40 23 50
2.05 20 41 23 50
2.05 32 42 23 50
2.051 19 20 26 10
2.06 16 40 20 41
2.075 16 40 27 47
2.077 19 20 11 31
2.077 49 19 43 18
2.081 18 28 24 36
2.089 39 5 33 6
2.09 14 1 10 1
2.091 36 43 48 47
2.091 49 44 48 47
2.093 33 6 48 7
2.093 39 5 48 7
2.1 19 20 16 7
2.105 39 5 50 4
2.105 36 43 49 38
2.105 33 6 36 4
2.11 24 36 10 40
2.112 16 40 18 28
2.112 24 36 18 28
2.113 43 18 49 19
2.113 48 7 49 19
2.143 8 48 16 40
2.148 46 17 40 10
2.163 50 4 39 5
2.163 33 6 39 5
2.163 46 17 39 5
2.163 48 7 39 5
2.165 11 31 10 19
2.175 28 10 15 14
2.177 10 19 11 31
2.182 33 49 32 37
2.182 22 45 32 37
2.189 36 4 33 6
2.192 35 13 35 26
2.193 35 13 41 1
2.2 35 13 46 12
2.2 36 4 46 12
2.202 32 37 33 49
2.205 10 40 13 44
2.205 11 33 13 44
2.205 6 42 13 44
2.205 46 12 36 4
2.205 46 17 36 4
2.21 13 44 10 40
2.211 11 33 22 28
2.218 46 17 49 30
2.218 46 17 49 7
2.219 49 7 46 17
2.219 40 10 46 17
2.219 49 30 46 17
2.229 27 39 37 43
2.238 10 19 4 8
2.239 46 12 35 13
2.239 11 33 19 40
2.239 6 42 19 40
2.241 40 10 45 13
2.246 19 40 9 32
2.248 45 13 40 10
2.248 13 44 6 42
2.249 19 40 11 33
2.249 22 28 11 33
2.265 4 8 10 19
2.28 13 44 0 37
2.281 13 44 17 39
2.282 32 34 26 23
2.282 19 40 32 37
2.282 29 50 32 37
2.284 1 20 14 17
2.292 42 35 35 26
2.292 27 39 30 49
2.303 14 17 2 21
2.305 17 39 13 44
2.305 27 39 13 44
2.307 26 23 26 10
2.31 30 49 27 39
2.312 49 7 42 3
2.312 26 23 32 34
2.317 45 19 37 7
2.318 42 3 49 7
2.331 26 23 17 24
2.337 17 24 19 29
2.337 32 35 19 29
2.343 37 7 40 14
2.35 0 37 10 38
2.35 26 23 17 13
2.371 26 10 29 25
2.371 17 24 29 25
2.373 19 29 20 41
2.373 17 39 20 41
2.375 30 49 37 38
2.38 10 38 0 37
2.381 20 41 17 39
2.382 17 24 26 23
2.382 17 13 26 23
2.383 48 47 37 40
2.4 24 4 33 1
2.414 24 4 14 1
2.414 17 13 14 1
2.414 33 1 24 4
2.414 14 1 24 4
2.417 40 14 37 7
2.417 14 1 2 7
2.431 19 29 17 24
2.442 17 13 30 12
2.445 37 38 27 47
2.448 2 7 10 14
2.448 14 1 10 14
2.45 30 12 17 13
2.464 48 7 46 21
2.468 48 47 49 38
2.469 49 38 48 47
2.469 37 38 48 47
2.471 35 1 41 1
2.471 33 1 41 1
2.472 49 38 36 43
2.473 35 37 20 41
2.485 2 34 8 46
2.497 36 43 42 34
2.5 41 1 33 1
2.502 2 34 9 32
2.502 16 40 9 32
2.508 30 12 39 5
2.513 39 5 46 17
2.513 49 19 46 17
2.514 9 32 16 40
2.517 10 14 2 7
2.521 30 12 35 1
2.521 41 1 35 1
2.525 9 32 2 34
2.525 10 14 10 1
2.538 18 28 15 14
2.538 10 1 15 14
2.548 43 18 35 26
2.548 46 17 35 26
2.559 23 50 33 49
2.57 46 17 49 19
2.575 43 18 35 9
2.575 39 5 35 9
2.58 35 26 43 18
2.58 35 9 43 18
2.588 50 4 49 7
2.59 49 7 50 4
2.605 33 49 23 50
2.608 35 9 39 5
2.613 35 26 46 17
2.627 0 40 10 40
2.633 10 40 0 40
2.639 37 43 42 50
2.642 42 50 37 43
2.644 24 22 22 28
2.656 22 28 24 22
2.66 32 37 37 40
2.675 46 12 42 3
2.684 3 43 11 33
2.695 37 40 32 37
2.695 47 37 32 37
2.698 32 34 32 42
2.705 8 48 13 44
2.709 10 40 19 40
2.713 42 3 46 12
2.715 19 40 32 34
2.715 32 42 32 34
2.727 19 40 10 40
2.732 32 35 26 23
2.738 22 45 17 39
2.744 17 39 22 45
2.749 13 44 8 48
2.776 48 22 45 13
2.776 19 40 6 41
2.779 45 13 48 22
2.785 19 40 20 41
2.797 29 25 35 37
2.797 32 42 35 37
2.798 35 37 32 42
2.802 19 40 6 42
2.809 20 41 19 40
2.809 6 41 19 40
2.81 16 40 2 34
2.814 45 13 40 14
2.834 38 14 48 7
2.846 42 35 37 38
2.847 42 35 48 47
2.855 38 14 29 25
2.858 6 41 9 32
2.86 48 7 38 14
2.87 20 41 24 36
2.87 37 38 24 36
2.876 40 14 45 13
2.876 9 32 6 41
2.883 46 21 43 18
