0.525 17 24 17 13
0.545 17 24 14 17
0.545 17 13 14 17
0.597 17 24 22 28
0.61 22 28 17 24
0.61 17 13 17 24
0.61 14 17 17 24
0.625 14 17 17 13
0.643 14 17 10 14
0.645 10 14 14 17
0.692 26 10 35 9
0.706 10 40 22 45
0.712 22 45 27 39
0.727 27 39 37 38
0.759 22 45 10 40
0.781 35 9 26 10
0.803 4 8 2 7
0.805 50 4 40 14
0.806 27 39 22 45
0.807 27 39 19 29
0.812 37 38 27 39
0.826 40 14 48 22
0.826 49 30 48 22
0.84 40 14 40 10
0.848 40 14 33 6
0.848 40 10 33 6
0.857 2 7 4 8
0.883 13 44 20 41
0.905 33 6 40 14
0.905 40 10 40 14
0.905 48 22 40 14
0.909 13 44 23 50
0.909 20 41 23 50
0.909 30 49 23 50
0.912 33 6 37 7
0.912 40 10 37 7
0.914 23 50 30 49
0.914 20 41 30 49
0.918 49 30 47 37
0.92 23 50 26 42
0.92 20 41 26 42
0.921 47 37 49 30
0.921 48 22 49 30
0.923 23 50 13 44
0.923 20 41 13 44
0.934 6 42 2 34
0.94 33 6 40 10
0.94 37 7 40 10
0.948 37 7 33 6
0.959 37 7 35 1
0.974 20 41 24 36
0.974 18 28 24 36
0.974 26 42 24 36
0.981 24 36 32 35
0.981 26 42 32 35
0.983 23 50 20 41
0.983 18 28 20 41
0.983 24 36 20 41
0.983 26 42 20 41
1.007 2 34 2 21
1.009 24 36 23 50
1.009 26 42 23 50
1.01 18 28 17 24
1.012 35 1 37 7
1.018 46 21 45 19
1.019 17 24 18 28
1.019 24 36 18 28
1.02 32 35 26 42
1.02 24 36 26 42
1.026 35 1 41 1
1.028 2 34 6 42
1.028 2 34 6 41
1.029 32 35 32 34
1.029 24 36 32 34
1.031 17 13 6 9
1.031 2 21 6 9
1.034 17 24 29 20
1.034 2 21 2 34
1.034 6 41 2 34
1.037 17 24 24 22
1.037 17 13 24 22
1.039 2 34 3 43
1.039 6 41 3 43
1.042 17 24 11 31
1.042 2 34 11 31
1.042 6 41 11 31
1.045 24 22 14 17
1.045 6 9 14 17
1.059 41 1 35 1
1.071 45 19 49 19
1.071 46 21 49 19
1.074 32 34 24 36
1.074 32 35 24 36
1.081 32 34 32 35
1.097 32 34 22 28
1.097 24 22 22 28
1.097 11 31 22 28
1.097 45 19 46 17
1.097 46 21 46 17
1.097 49 19 46 17
1.107 6 9 2 21
1.11 24 22 17 24
1.11 11 31 17 24
1.111 45 19 46 21
1.111 46 17 46 21
1.111 49 19 46 21
1.118 46 17 45 19
1.118 49 19 45 19
1.118 41 1 48 7
1.118 46 17 48 7
1.118 49 19 48 7
1.125 24 22 17 13
1.125 6 9 17 13
1.126 41 1 49 7
1.126 46 17 49 7
1.126 49 19 49 7
1.126 48 7 49 7
1.126 49 7 41 1
1.126 48 7 41 1
1.128 3 43 6 41
1.128 11 31 6 41
1.129 22 28 32 34
1.131 14 17 6 9
1.134 3 43 2 34
1.134 11 31 2 34
1.135 17 24 11 33
1.135 3 43 11 33
1.135 22 28 11 33
1.135 11 31 11 33
1.137 22 28 24 22
1.137 14 17 24 22
1.139 11 33 3 43
1.142 11 33 11 31
1.142 22 28 11 31
1.143 17 24 10 14
1.171 49 7 49 19
1.171 46 17 49 19
1.178 11 33 0 40
1.181 30 12 26 10
1.189 30 12 28 10
1.189 26 10 28 10
1.197 11 33 22 28
1.197 49 7 46 17
1.197 48 7 46 17
1.207 10 14 2 21
1.21 10 14 17 24
1.21 11 33 17 24
1.217 0 40 12 47
1.218 49 7 48 7
1.239 0 40 3 43
1.239 12 47 3 43
1.243 2 21 10 14
1.244 12 47 17 39
1.249 32 34 32 42
1.254 28 10 30 12
1.254 26 10 30 12
1.256 17 39 9 32
1.259 0 40 10 40
1.259 3 43 10 40
1.259 12 47 10 40
1.259 9 32 10 40
1.259 17 39 10 40
1.278 10 40 0 40
1.278 3 43 0 40
1.278 9 32 0 40
1.281 28 10 26 10
1.288 32 34 42 34
1.288 32 42 42 34
1.303 10 14 2 7
1.303 32 34 42 35
1.303 42 34 42 35
1.306 10 14 1 20
1.306 2 21 1 20
1.307 1 20 2 21
1.312 32 34 27 39
1.312 32 42 27 39
1.312 17 39 27 39
1.317 10 40 12 47
1.317 3 43 12 47
1.317 17 39 12 47
1.323 10 40 13 44
1.323 3 43 13 44
1.323 9 32 13 44
1.323 17 39 13 44
1.323 46 17 43 18
1.323 49 19 43 18
1.325 26 10 17 13
1.325 10 14 17 13
1.326 43 18 48 22
1.326 46 17 48 22
1.326 49 19 48 22
1.329 42 35 32 34
1.329 32 42 32 34
1.329 42 34 32 34
1.329 27 39 32 34
1.334 26 10 35 13
1.334 43 18 35 13
1.334 46 17 35 13
1.334 32 42 29 50
1.334 27 39 29 50
1.335 13 44 11 33
1.335 10 40 11 33
1.335 9 32 11 33
1.335 17 39 11 33
1.339 13 44 3 43
1.339 10 40 3 43
1.339 9 32 3 43
1.343 2 7 10 14
1.343 1 20 10 14
1.343 17 13 10 14
1.344 13 44 17 39
1.344 10 40 17 39
1.344 11 33 17 39
1.344 9 32 17 39
1.344 27 39 17 39
1.347 13 44 19 40
1.347 10 40 19 40
1.347 11 33 19 40
1.347 9 32 19 40
1.347 27 39 19 40
1.349 29 50 32 42
1.349 42 35 32 42
1.349 42 34 32 42
1.349 27 39 32 42
1.353 35 13 24 4
1.353 26 10 24 4
1.353 17 13 24 4
1.356 19 40 9 32
1.356 13 44 9 32
1.356 10 40 9 32
1.356 11 33 9 32
1.358 19 40 8 48
1.358 13 44 8 48
1.358 10 40 8 48
1.359 19 40 10 40
1.359 13 44 10 40
1.359 11 33 10 40
1.359 8 48 10 40
1.363 19 40 32 37
1.363 29 50 32 37
1.363 42 35 32 37
1.363 42 34 32 37
1.363 27 39 32 37
1.371 43 18 49 19
1.371 48 22 49 19
1.381 35 13 26 10
1.381 24 4 26 10
1.381 17 13 26 10
1.381 14 17 26 10
1.388 32 37 42 34
1.388 42 35 42 34
1.392 35 13 35 9
1.392 43 18 35 9
1.392 24 4 35 9
1.397 19 40 22 28
1.397 14 17 22 28
1.397 27 39 22 28
1.397 35 13 46 17
1.397 50 4 46 17
1.397 43 18 46 17
1.397 48 22 46 17
1.397 35 9 46 17
1.403 32 37 42 35
1.405 35 13 40 14
1.405 43 18 40 14
1.405 35 9 40 14
1.406 19 40 22 45
1.406 13 44 22 45
1.406 32 37 22 45
1.406 29 50 22 45
1.407 19 40 19 29
1.407 11 33 19 29
1.407 22 28 19 29
1.407 14 17 19 29
1.409 19 40 23 50
1.409 29 50 23 50
1.409 22 45 23 50
1.409 27 39 23 50
1.412 35 13 37 7
1.412 40 14 37 7
1.412 35 9 37 7
1.412 19 40 27 39
1.412 23 50 27 39
1.412 32 37 27 39
1.412 29 50 27 39
1.412 22 28 27 39
1.412 19 29 27 39
1.414 32 37 30 49
1.414 29 50 30 49
1.414 22 45 30 49
1.414 27 39 30 49
1.417 19 40 12 47
1.417 23 50 12 47
1.417 13 44 12 47
1.417 22 45 12 47
1.417 8 48 12 47
1.419 19 40 18 28
1.419 11 33 18 28
1.419 22 28 18 28
1.419 19 29 18 28
1.419 14 17 18 28
1.423 19 40 13 44
1.423 11 33 13 44
1.423 12 47 13 44
1.423 22 45 13 44
1.423 8 48 13 44
1.423 35 13 43 18
1.423 37 7 43 18
1.423 40 14 43 18
1.423 48 22 43 18
1.425 24 4 17 13
1.427 32 37 37 38
1.428 10 40 6 42
1.428 11 33 6 42
1.428 12 47 6 42
1.428 8 48 6 42
1.434 37 7 35 13
1.434 40 14 35 13
1.434 35 9 35 13
1.434 10 40 2 34
1.434 11 33 2 34
1.434 23 50 29 50
1.434 30 49 29 50
1.434 22 45 29 50
1.435 19 40 11 33
1.435 2 34 11 33
1.435 19 29 11 33
1.435 18 28 11 33
1.435 6 42 11 33
1.44 50 4 40 10
1.44 35 9 40 10
1.445 18 28 14 17
1.447 23 50 19 40
1.447 22 28 19 40
1.447 19 29 19 40
1.447 12 47 19 40
1.447 18 28 19 40
1.447 22 45 19 40
1.448 24 4 36 4
1.448 37 7 36 4
1.448 40 14 36 4
1.448 40 10 36 4
1.448 35 9 36 4
1.453 36 4 24 4
1.453 37 7 24 4
1.453 35 9 24 4
1.454 32 37 35 26
1.454 40 14 35 26
1.454 37 38 35 26
1.458 12 47 8 48
1.458 6 42 8 48
1.459 2 34 10 40
1.459 6 42 10 40
1.461 4 8 10 19
1.461 18 28 10 19
1.463 35 26 32 37
1.463 30 49 32 37
1.463 37 38 32 37
1.474 22 28 24 36
1.474 19 29 24 36
1.474 22 45 24 36
1.474 27 39 24 36
1.481 22 28 32 35
1.481 35 26 32 35
1.481 37 38 32 35
1.481 27 39 32 35
1.484 4 8 16 7
1.484 36 4 33 1
1.484 37 7 33 1
1.484 40 10 33 1
1.484 35 9 33 1
1.486 2 34 0 37
1.486 6 42 0 37
1.492 36 4 35 9
1.492 33 1 35 9
1.492 37 7 35 9
1.492 40 14 35 9
1.492 40 10 35 9
1.497 19 29 22 28
1.497 18 28 22 28
1.497 24 36 22 28
1.5 50 4 45 13
1.5 37 7 45 13
1.5 40 14 45 13
1.5 40 10 45 13
1.505 36 4 40 14
1.505 37 7 40 14
1.505 45 13 40 14
1.506 4 8 1 20
1.506 10 19 1 20
1.506 23 50 22 45
1.506 30 49 22 45
1.506 12 47 22 45
1.506 24 36 22 45
1.507 18 28 19 29
1.507 24 36 19 29
1.509 12 47 23 50
1.51 10 19 17 24
1.511 45 13 50 4
1.511 40 10 50 4
1.511 40 14 46 21
1.511 45 13 46 21
1.511 40 10 46 21
1.512 36 4 37 7
1.512 33 1 37 7
1.512 45 13 37 7
1.512 32 35 27 39
1.512 30 49 27 39
1.512 18 28 27 39
1.512 24 36 27 39
1.517 6 42 12 47
1.518 40 14 45 19
1.518 35 26 45 19
1.518 45 13 45 19
1.518 40 10 45 19
1.519 10 19 18 28
1.521 45 19 49 30
1.521 46 21 49 30
1.525 16 7 17 13
1.525 10 19 17 13
1.527 32 35 37 38
1.527 35 26 37 38
1.527 30 49 37 38
1.527 24 36 37 38
1.527 49 30 37 38
1.527 49 44 37 38
1.528 0 37 6 42
1.534 17 13 29 20
1.534 35 26 29 20
1.534 0 37 2 34
1.54 36 4 40 10
1.54 45 19 40 10
1.54 33 1 40 10
1.54 45 13 40 10
1.54 46 21 40 10
1.542 18 28 11 31
1.542 0 37 11 31
1.545 16 7 14 17
1.545 10 19 14 17
1.548 36 4 33 6
1.548 33 1 33 6
1.548 33 1 36 4
1.548 33 6 36 4
1.548 45 13 36 4
1.554 45 19 35 26
1.554 32 35 35 26
1.554 46 21 35 26
1.554 29 20 35 26
1.557 16 7 4 8
1.557 1 20 4 8
1.557 17 13 4 8
1.557 10 19 4 8
1.561 17 24 10 19
1.561 1 20 10 19
1.561 17 13 10 19
1.561 14 17 10 19
1.561 11 31 10 19
1.561 11 31 10 38
1.561 18 28 10 38
1.561 0 37 10 38
1.563 32 35 32 37
1.563 24 36 32 37
1.566 17 24 29 25
1.566 32 37 29 25
1.566 32 35 29 25
1.566 18 28 29 25
1.566 24 36 29 25
1.566 29 20 29 25
1.574 29 25 24 36
1.574 32 37 24 36
1.574 11 31 24 36
1.581 29 25 32 35
1.581 32 37 32 35
1.583 32 37 20 41
1.583 10 38 20 41
1.583 30 49 20 41
1.583 49 44 48 47
1.584 17 13 16 7
1.584 14 17 16 7
1.584 33 6 33 1
1.586 10 38 0 37
1.586 11 31 0 37
1.597 29 25 22 28
1.597 29 20 22 28
1.598 48 47 42 50
1.598 49 44 42 50
1.6 45 19 45 13
1.6 46 21 45 13
1.604 42 50 49 44
1.604 48 47 49 44
1.604 49 30 49 44
1.605 45 19 40 14
1.605 46 21 40 14
1.605 29 20 40 14
1.606 2 7 1 20
1.606 14 17 1 20
1.61 29 25 17 24
1.61 29 20 17 24
1.611 49 30 46 21
1.614 42 50 30 49
1.618 49 30 45 19
1.618 2 7 10 1
1.618 48 47 47 37
1.619 29 25 18 28
1.619 10 38 18 28
1.619 20 41 18 28
1.619 11 31 18 28
1.619 29 20 18 28
1.62 32 37 26 42
1.623 10 38 13 44
1.623 11 31 13 44
1.626 40 10 49 7
1.626 33 6 41 1
1.626 40 10 41 1
1.631 2 7 6 9
1.631 10 1 6 9
1.634 29 25 29 20
1.634 22 28 29 20
1.64 41 1 40 10
1.64 49 7 40 10
1.642 10 38 11 31
1.642 13 44 11 31
1.643 6 9 10 14
1.645 33 6 38 14
1.645 29 20 38 14
1.648 41 1 33 6
1.648 38 14 33 6
1.654 41 1 46 12
1.654 49 7 46 12
1.654 48 22 46 12
1.654 38 14 46 12
1.656 13 44 2 48
1.656 10 38 2 48
1.661 13 44 10 38
1.661 20 41 10 38
1.661 2 48 10 38
1.663 29 25 32 37
1.663 20 41 32 37
1.663 26 42 32 37
1.666 22 28 29 25
1.671 41 1 42 3
1.671 35 1 42 3
1.671 46 12 42 3
1.671 49 7 42 3
1.671 38 14 42 3
1.674 47 37 35 37
1.674 26 42 35 37
1.678 22 28 26 23
1.678 29 20 26 23
1.681 26 23 26 10
1.681 38 14 26 10
1.681 29 20 26 10
1.683 47 37 48 47
1.683 42 50 48 47
1.692 41 1 35 9
1.692 35 1 35 9
1.692 46 12 35 9
1.692 42 3 35 9
1.692 38 14 35 9
1.697 26 23 22 28
1.703 6 9 2 7
1.703 10 1 2 7
1.706 26 42 22 45
1.707 13 44 16 40
1.707 11 31 16 40
1.707 22 45 16 40
1.707 26 42 16 40
1.707 11 31 19 29
1.707 26 23 19 29
1.718 10 14 10 1
1.718 6 9 10 1
1.718 46 12 48 7
1.718 42 3 48 7
1.718 38 14 48 7
1.718 35 37 47 37
1.72 35 37 26 42
1.72 16 40 26 42
1.72 22 45 26 42
1.723 16 40 13 44
1.723 2 48 13 44
1.726 46 12 49 7
1.726 42 3 49 7
1.726 35 9 49 7
1.726 46 12 41 1
1.726 42 3 41 1
1.726 35 9 41 1
1.726 38 14 41 1
1.726 46 12 48 22
1.726 38 14 48 22
1.727 35 37 37 38
1.728 16 40 6 42
1.728 11 31 6 42
1.728 2 48 6 42
1.728 16 40 6 41
1.728 6 42 6 41
1.728 2 48 6 41
1.729 10 14 19 20
1.729 19 29 19 20
1.729 11 31 19 20
1.729 26 23 19 20
1.729 29 20 19 20
1.731 10 14 6 9
1.734 26 10 29 20
1.734 19 20 29 20
1.734 19 29 29 20
1.734 26 23 29 20
1.734 35 9 29 20
1.734 38 14 29 20
1.737 26 10 24 22
1.737 19 20 24 22
1.737 19 29 24 22
1.737 26 23 24 22
1.742 16 40 11 31
1.742 19 29 11 31
1.742 6 42 11 31
1.743 19 20 10 14
1.743 35 37 37 40
1.743 37 38 37 40
1.744 16 40 17 39
1.744 19 29 17 39
1.744 22 45 17 39
1.744 6 41 17 39
1.744 6 42 17 39
1.745 46 12 38 14
1.745 42 3 38 14
1.745 48 7 38 14
1.745 35 9 38 14
1.754 42 3 46 12
1.754 48 7 46 12
1.754 35 9 46 12
1.754 35 1 30 12
1.754 24 22 30 12
1.754 26 23 30 12
1.754 35 9 30 12
1.756 6 41 2 48
1.756 6 42 2 48
1.757 6 9 4 8
1.757 37 40 33 49
1.757 35 37 33 49
1.757 37 38 33 49
1.757 22 45 33 49
1.759 30 12 35 1
1.759 42 3 35 1
1.759 48 7 35 1
1.759 35 9 35 1
1.761 16 40 10 38
1.761 17 39 10 38
1.761 6 41 10 38
1.761 6 42 10 38
1.766 35 37 29 25
1.766 19 20 29 25
1.766 19 29 29 25
1.766 24 22 29 25
1.766 26 23 29 25
1.767 37 40 37 43
1.767 35 37 37 43
1.767 37 38 37 43
1.767 33 49 37 43
1.771 48 7 42 3
1.771 35 9 42 3
1.774 37 40 24 36
1.774 35 37 24 36
1.774 16 40 24 36
1.774 37 38 24 36
1.774 17 39 24 36
1.774 26 23 24 36
1.774 29 25 35 37
1.774 37 43 35 37
1.774 37 40 35 37
1.774 37 38 35 37
1.774 33 49 35 37
1.774 24 36 35 37
1.778 16 40 8 46
1.778 10 38 8 46
1.778 17 39 8 46
1.778 6 41 8 46
1.778 6 42 8 46
1.778 30 12 26 23
1.778 29 25 26 23
1.778 19 20 26 23
1.778 19 29 26 23
1.778 24 22 26 23
1.778 24 36 26 23
1.781 37 43 32 35
1.781 37 40 32 35
1.781 24 22 26 10
1.792 30 12 35 9
1.798 37 43 42 50
1.798 37 40 42 50
1.798 33 49 42 50
1.803 37 43 42 35
1.803 37 40 42 35
1.803 32 35 42 35
1.803 37 38 42 35
1.806 16 40 22 45
1.806 33 49 22 45
1.806 17 39 22 45
1.807 8 46 16 40
1.807 10 38 16 40
1.807 19 29 16 40
1.807 17 39 16 40
1.807 24 36 16 40
1.807 6 41 16 40
1.807 6 42 16 40
1.807 29 25 19 29
1.807 19 20 19 29
1.807 24 22 19 29
1.807 17 39 19 29
1.818 48 7 45 19
1.818 4 8 10 1
1.821 42 35 49 30
1.823 8 46 13 44
1.823 6 41 13 44
1.823 6 42 13 44
1.823 45 19 43 18
1.823 48 7 43 18
1.826 45 19 48 22
1.827 37 43 37 38
1.827 37 40 37 38
1.827 42 35 37 38
1.827 33 49 37 38
1.828 13 44 6 42
1.828 8 46 6 42
1.828 10 38 6 42
1.828 17 39 6 42
1.828 6 41 6 42
1.828 13 44 6 41
1.828 8 46 6 41
1.828 10 38 6 41
1.828 17 39 6 41
1.829 29 25 19 20
1.829 24 22 19 20
1.831 4 8 6 9
1.834 37 43 29 50
1.834 37 40 29 50
1.834 42 50 29 50
1.834 33 49 29 50
1.837 30 12 24 22
1.837 29 25 24 22
1.843 4 8 15 14
1.843 37 43 37 40
1.843 42 35 37 40
1.843 42 50 37 40
1.843 32 35 37 40
1.843 33 49 37 40
1.844 8 46 17 39
1.844 10 38 17 39
1.844 24 36 17 39
1.848 30 12 33 6
1.849 37 43 32 42
1.849 32 35 32 42
1.849 33 49 32 42
1.849 24 36 32 42
1.853 30 12 24 4
1.853 33 6 24 4
1.854 43 18 46 12
1.854 45 19 46 12
1.854 29 25 30 12
1.854 43 18 30 12
1.854 24 4 30 12
1.854 33 6 30 12
1.856 10 38 9 32
1.857 10 1 4 8
1.857 37 43 33 49
1.857 29 50 33 49
1.857 42 50 33 49
1.857 32 42 33 49
1.858 8 46 8 48
1.858 10 38 8 48
1.861 8 46 10 38
1.861 9 32 10 38
1.861 8 48 10 38
1.864 37 43 27 47
1.864 29 50 27 47
1.864 32 35 27 47
1.864 32 42 27 47
1.864 24 36 27 47
1.867 32 35 30 28
1.867 24 36 30 28
1.867 27 47 37 43
1.867 29 50 37 43
1.867 42 35 37 43
1.867 42 50 37 43
1.867 32 35 37 43
1.867 32 42 37 43
1.874 30 28 24 36
1.874 27 47 24 36
1.874 32 42 24 36
1.878 13 44 0 40
1.878 8 46 0 40
1.878 8 48 0 40
1.878 0 40 8 46
1.878 13 44 8 46
1.878 8 48 8 46
1.878 30 28 26 23
1.881 30 28 32 35
1.881 27 47 32 35
1.881 42 35 32 35
1.881 32 42 32 35
1.883 27 47 20 41
1.883 29 50 20 41
1.883 32 42 20 41
1.888 48 22 42 34
1.888 49 30 42 34
1.889 24 4 28 10
1.889 33 6 28 10
1.895 24 4 14 1
1.895 10 1 14 1
1.903 49 30 42 35
1.906 42 35 49 38
1.906 49 30 49 38
1.906 42 34 49 38
1.907 27 47 16 40
1.907 20 41 16 40
1.907 9 32 16 40
1.907 8 48 16 40
1.909 27 47 23 50
1.909 32 42 23 50
1.912 28 10 37 7
1.912 30 12 37 7
1.912 46 12 37 7
1.912 48 7 37 7
1.918 46 12 45 19
1.918 43 18 45 19
1.918 48 22 45 19
1.918 14 1 10 1
1.918 43 18 48 7
1.918 37 7 48 7
1.918 49 38 47 37
1.918 42 35 47 37
1.918 42 34 47 37
1.919 30 28 18 28
1.919 16 40 18 28
1.919 9 32 18 28
1.919 26 23 18 28
1.92 27 47 26 42
1.92 29 50 26 42
1.92 32 42 26 42
1.921 49 38 49 30
1.921 43 18 49 30
1.921 42 34 49 30
1.923 0 40 13 44
1.923 27 47 13 44
1.923 26 42 13 44
1.923 30 12 43 18
1.923 46 12 43 18
1.926 37 7 49 7
1.928 0 40 6 42
1.928 9 32 6 42
1.929 18 28 19 20
1.929 15 14 19 20
1.934 28 10 35 13
1.934 30 12 35 13
1.934 46 12 35 13
1.934 33 6 35 13
1.934 26 23 35 13
1.934 0 40 2 34
1.934 9 32 2 34
1.934 27 47 29 50
1.934 20 41 29 50
1.934 26 42 29 50
1.936 35 13 39 5
1.936 28 10 39 5
1.936 30 12 39 5
1.936 46 12 39 5
1.936 49 7 39 5
1.936 33 6 39 5
1.936 37 7 39 5
1.943 19 20 15 14
1.943 14 1 15 14
1.947 27 47 19 40
1.947 16 40 19 40
1.947 20 41 19 40
1.947 26 42 19 40
1.948 35 13 33 6
1.948 28 10 33 6
1.948 24 4 33 6
1.948 39 5 33 6
1.949 19 40 32 42
1.949 30 28 32 42
1.949 27 47 32 42
1.949 23 50 32 42
1.949 20 41 32 42
1.949 26 42 32 42
1.953 28 10 24 4
1.953 14 1 24 4
1.954 35 13 46 12
1.954 37 7 46 12
1.954 39 5 46 12
1.954 35 13 30 12
1.954 37 7 30 12
1.954 39 5 30 12
1.956 0 40 9 32
1.956 2 34 9 32
1.956 16 40 9 32
1.956 18 28 9 32
1.956 6 42 9 32
1.957 27 47 33 49
1.957 23 50 33 49
1.957 26 42 33 49
1.958 0 40 8 48
1.958 16 40 8 48
1.959 35 13 35 1
1.959 28 10 35 1
1.959 39 5 35 1
1.964 19 40 27 47
1.964 23 50 27 47
1.964 20 41 27 47
1.964 33 49 27 47
1.964 26 42 27 47
1.967 18 28 30 28
1.967 26 23 30 28
1.974 19 40 24 36
1.978 2 34 0 40
1.978 6 42 0 40
1.978 19 20 10 12
1.978 14 1 10 12
1.978 19 40 8 46
1.978 18 28 26 23
1.981 42 34 32 35
1.981 2 34 6 24
1.981 9 32 6 24
1.981 18 28 6 24
1.981 10 12 6 24
1.983 19 40 20 41
1.983 16 40 20 41
1.988 49 38 42 34
1.988 47 37 42 34
1.988 32 35 42 34
1.989 35 13 28 10
1.989 35 1 28 10
1.989 19 20 28 10
1.989 37 7 28 10
1.992 23 50 36 43
1.992 29 50 36 43
1.992 47 37 36 43
1.992 42 35 36 43
1.992 32 35 36 43
1.992 33 49 36 43
1.992 26 42 36 43
1.992 42 34 36 43
1.995 10 12 14 1
2.003 49 38 42 35
2.003 47 37 42 35
2.003 36 43 42 35
2.006 47 37 49 38
2.007 19 40 16 40
2.007 23 50 16 40
2.009 33 49 23 50
2.01 6 24 17 24
2.01 19 20 17 24
2.01 9 32 17 24
2.01 10 12 17 24
2.011 35 13 46 21
2.012 49 7 37 7
2.012 39 5 37 7
2.018 35 13 45 19
2.018 49 7 45 19
2.018 36 43 47 37
2.019 19 20 18 28
2.02 19 40 26 42
2.02 33 49 26 42
2.02 36 43 26 42
2.025 19 20 17 13
2.025 10 12 17 13
2.026 45 19 49 7
2.026 39 5 49 7
2.026 46 21 49 7
2.028 9 32 6 41
2.028 8 48 6 41
2.029 17 24 19 20
2.029 17 13 19 20
2.029 10 12 19 20
2.034 35 1 35 13
2.034 45 19 35 13
2.034 39 5 35 13
2.034 6 24 2 34
2.034 8 48 2 34
2.034 19 40 29 50
2.034 24 36 29 50
2.034 36 43 29 50
2.036 35 1 39 5
2.037 24 36 24 22
2.042 19 40 11 31
2.042 6 24 11 31
2.042 9 32 11 31
2.042 24 36 11 31
2.043 6 24 15 14
2.043 17 24 15 14
2.043 17 13 15 14
2.043 24 22 15 14
2.043 10 12 15 14
2.044 19 40 17 39
2.044 11 31 17 39
2.044 8 48 17 39
2.045 6 24 14 17
2.045 15 14 14 17
2.045 10 12 14 17
2.047 32 35 19 40
2.047 8 46 19 40
2.047 11 31 19 40
2.047 17 39 19 40
2.047 24 36 19 40
2.047 6 41 19 40
2.048 35 13 36 4
2.048 35 1 36 4
2.056 6 24 9 32
2.056 17 24 9 32
2.056 11 31 9 32
2.056 6 41 9 32
2.057 36 43 33 49
2.058 6 41 8 48
2.059 36 4 35 1
2.059 8 46 10 40
2.059 11 31 10 40
2.059 6 41 10 40
2.064 36 43 27 47
2.078 17 13 10 12
2.078 14 17 10 12
2.078 15 14 10 12
2.078 10 40 8 46
2.081 36 43 32 35
2.081 17 24 6 24
2.081 14 17 6 24
2.081 11 31 6 24
2.084 15 14 16 7
2.086 10 40 0 37
2.086 6 41 0 37
2.088 46 21 42 34
2.088 36 43 42 34
2.092 27 47 36 43
2.095 16 7 14 1
2.095 17 13 14 1
2.095 15 14 14 1
2.106 27 47 22 45
2.107 17 24 19 29
2.11 19 29 17 24
2.11 15 14 17 24
2.112 27 47 27 39
2.123 35 9 43 18
2.125 14 1 17 13
2.125 15 14 17 13
2.126 50 4 49 7
2.126 36 4 49 7
2.126 43 18 49 7
2.127 27 47 37 38
2.127 49 38 37 38
2.128 10 40 6 41
2.128 0 37 6 41
2.129 27 47 32 34
2.129 19 29 32 34
2.129 37 38 32 34
2.134 36 4 35 13
2.139 0 37 3 43
2.142 10 40 11 31
2.142 17 39 11 31
2.143 16 7 10 14
2.143 15 14 10 14
2.143 10 14 15 14
2.143 16 7 15 14
2.143 14 17 15 14
2.144 22 28 17 39
2.145 19 29 14 17
2.145 2 21 14 17
2.153 16 7 24 4
2.154 32 34 35 26
2.154 43 18 35 26
2.154 22 28 35 26
2.157 10 14 4 8
2.159 0 37 10 40
2.161 10 14 10 19
2.161 19 29 10 19
2.161 2 21 10 19
2.164 37 38 27 47
2.164 22 45 27 47
2.164 27 39 27 47
2.178 0 37 0 40
2.178 4 8 10 12
2.178 10 14 10 12
2.178 16 7 10 12
2.178 2 21 10 12
2.178 10 19 10 12
2.181 16 7 26 10
2.183 49 38 48 47
2.184 26 10 16 7
2.184 10 14 16 7
2.184 24 4 16 7
2.184 14 1 16 7
2.184 10 12 16 7
2.184 26 10 33 1
2.184 24 4 33 1
2.186 0 40 0 37
2.186 3 43 0 37
2.189 16 7 28 10
2.189 33 1 28 10
2.189 35 9 28 10
2.192 28 10 35 9
2.192 32 34 36 43
2.192 37 38 36 43
2.192 27 39 36 43
2.2 49 7 45 13
2.2 43 18 45 13
2.2 46 17 45 13
2.2 49 19 45 13
2.204 49 38 49 44
2.204 36 43 49 44
2.205 28 10 40 14
2.205 49 7 40 14
2.205 46 17 40 14
2.205 49 19 40 14
2.206 37 38 49 38
2.206 48 47 49 38
2.206 49 44 49 38
2.207 32 34 19 29
2.207 10 19 19 29
2.207 10 12 2 21
2.207 10 19 2 21
2.211 49 7 50 4
2.211 43 18 46 21
2.211 35 26 46 21
2.212 36 43 27 39
2.214 36 43 30 49
2.221 49 19 49 30
2.223 49 7 43 18
2.223 35 26 43 18
2.223 46 21 43 18
2.223 45 13 43 18
2.226 40 14 49 7
2.226 45 13 49 7
2.227 32 34 37 38
2.227 36 43 37 38
2.229 35 26 32 34
2.229 36 43 32 34
2.24 28 10 40 10
2.24 46 17 40 10
2.24 49 19 40 10
2.243 4 8 10 14
2.243 10 12 10 14
2.243 10 19 10 14
2.245 28 10 38 14
2.245 26 10 38 14
2.245 40 14 38 14
2.245 35 26 38 14
2.245 46 21 38 14
2.245 45 13 38 14
2.245 46 17 38 14
2.245 40 10 38 14
2.245 49 19 38 14
2.248 26 10 33 6
2.253 33 1 24 4
2.256 0 40 2 48
2.257 10 12 4 8
2.261 10 12 10 19
2.271 40 14 49 19
2.271 45 13 49 19
2.271 40 10 49 19
2.271 49 30 49 19
2.271 33 1 42 3
2.271 33 6 42 3
2.271 40 14 42 3
2.271 45 13 42 3
2.271 40 10 42 3
2.274 30 49 35 37
2.274 36 43 35 37
2.278 2 48 0 40
2.281 33 1 26 10
2.281 33 6 26 10
2.283 11 33 20 41
2.283 17 39 20 41
2.284 28 10 33 1
2.284 42 3 33 1
2.289 38 14 28 10
2.292 35 37 36 43
2.292 30 49 36 43
2.297 40 14 46 17
2.297 45 13 46 17
2.297 40 10 46 17
2.297 38 14 46 17
2.3 42 3 45 13
2.3 38 14 45 13
2.303 35 37 42 35
2.303 49 44 42 35
2.304 42 35 49 44
2.305 42 3 40 14
2.305 38 14 40 14
2.311 38 14 46 21
2.317 20 41 12 47
2.317 2 48 12 47
2.32 17 39 26 42
2.323 40 10 43 18
2.323 38 14 43 18
2.335 20 41 11 33
2.34 43 18 40 10
2.34 42 3 40 10
2.34 38 14 40 10
2.343 47 37 37 40
2.343 48 47 37 40
2.343 26 42 37 40
2.344 20 41 17 39
2.344 26 42 17 39
2.345 43 18 38 14
2.348 42 3 33 6
2.349 37 40 32 42
2.349 35 37 32 42
2.356 12 47 2 48
2.358 20 41 8 48
2.359 24 4 35 1
2.367 47 37 37 43
2.367 48 47 37 43
2.367 26 42 37 43
2.374 42 35 35 37
2.374 32 42 35 37
2.381 35 1 26 10
2.383 12 47 20 41
2.383 37 43 48 47
2.403 32 42 42 35
2.412 26 10 37 7
2.412 43 18 37 7
2.412 24 4 37 7
2.418 37 43 47 37
2.418 37 40 47 37
2.42 37 43 26 42
2.42 37 40 26 42
2.42 13 44 26 42
2.426 37 7 41 1
2.431 1 20 6 9
2.434 18 28 29 20
2.437 18 28 24 22
2.443 32 42 37 40
2.453 35 1 24 4
2.454 24 22 35 26
2.461 6 9 10 19
2.463 37 43 32 37
2.467 32 37 30 28
2.467 35 26 30 28
2.467 24 22 30 28
2.467 32 37 37 43
2.481 37 7 26 10
2.484 41 1 33 1
2.506 2 34 1 20
2.506 6 9 1 20
2.512 41 1 37 7
2.518 45 19 48 7
2.518 45 13 48 7
2.519 24 22 18 28
2.526 33 1 41 1
2.528 19 40 6 41
2.529 30 28 32 34
2.529 32 37 32 34
2.531 10 19 6 9
2.536 33 1 39 5
2.536 45 13 39 5
2.536 48 7 39 5
2.537 30 28 24 22
2.537 35 26 24 22
2.542 10 19 11 31
2.548 39 5 36 4
2.548 48 7 36 4
2.554 30 28 35 26
2.554 36 4 30 12
2.554 33 1 30 12
2.554 17 13 30 12
2.563 32 34 32 37
2.563 30 28 32 37
2.567 32 34 30 28
2.571 48 7 49 19
2.581 2 21 6 24
2.584 30 12 33 1
2.584 39 5 33 1
2.589 36 4 28 10
2.589 17 13 28 10
2.589 39 5 28 10
2.6 39 5 45 13
2.6 48 7 45 13
2.607 6 24 2 21
2.611 39 5 50 4
2.611 46 17 50 4
2.611 48 7 50 4
2.612 50 4 37 7
2.618 50 4 48 7
2.618 36 4 48 7
2.618 39 5 48 7
2.619 6 24 18 28
2.625 28 10 17 13
2.625 30 12 17 13
2.635 0 40 11 33
2.635 6 24 11 33
2.635 0 37 11 33
2.636 50 4 39 5
2.636 36 4 39 5
2.643 6 24 10 14
2.648 28 10 36 4
2.648 30 12 36 4
2.656 0 37 9 32
2.661 0 40 10 38
2.661 11 33 10 38
2.678 10 38 0 40
2.681 10 14 6 24
2.681 11 33 6 24
2.686 11 33 0 37
2.686 9 32 0 37
2.704 42 34 49 44
2.717 10 38 12 47
2.735 10 38 11 33
2.74 35 13 40 10
2.743 10 1 10 14
2.745 35 13 38 14
2.754 40 14 46 12
2.754 40 10 46 12
2.759 10 38 10 40
2.759 2 48 10 40
2.761 10 40 10 38
2.761 12 47 10 38
2.774 42 34 35 37
2.788 35 37 42 34
2.788 49 44 42 34
2.797 17 39 22 28
2.798 30 49 42 50
2.805 46 12 40 14
2.807 10 40 16 40
2.807 12 47 16 40
2.807 16 40 19 29
2.811 46 12 50 4
2.811 42 3 50 4
2.812 35 37 27 39
2.812 16 40 27 39
2.817 16 40 12 47
2.834 42 3 35 13
2.834 40 10 35 13
2.834 38 14 35 13
2.84 46 12 40 10
2.843 27 39 37 40
2.845 48 22 38 14
2.854 35 37 35 26
2.854 42 35 35 26
2.854 26 23 35 26
2.854 50 4 46 12
2.856 10 40 2 48
2.857 27 39 33 49
2.859 16 40 10 40
2.861 19 20 10 19
2.863 37 40 32 37
2.863 35 37 32 37
2.863 33 49 32 37
2.863 22 45 32 37
2.867 27 39 37 43
2.871 50 4 42 3
2.874 32 37 35 37
2.874 35 26 35 37
2.874 27 39 35 37
2.878 35 26 26 23
2.892 29 20 35 9
2.9 48 22 45 13
2.903 35 26 42 35
2.904 37 43 49 44
2.904 37 40 49 44
2.907 27 39 16 40
2.907 29 20 19 29
2.912 37 43 27 39
2.912 37 40 27 39
2.912 33 49 27 39
2.914 37 43 30 49
2.914 37 40 30 49
2.914 33 49 30 49
2.926 45 13 41 1
2.926 45 13 48 22
2.929 16 7 19 20
2.929 10 19 19 20
2.931 16 7 6 9
2.934 40 14 29 20
2.943 6 9 15 14
2.943 10 19 15 14
2.943 32 37 37 40
2.943 30 49 37 40
2.957 15 14 4 8
2.957 32 37 33 49
2.957 30 49 33 49
2.961 16 7 10 19
2.961 15 14 10 19
2.964 30 49 27 47
2.967 30 49 37 43
2.984 6 9 16 7
2.995 6 9 14 1
3.0 41 1 45 13
3.011 48 22 46 21
3.014 27 47 30 49
3.018 40 10 48 7
3.026 46 21 48 22
3.031 14 1 6 9
3.031 15 14 6 9
3.034 30 28 29 20
3.036 40 10 39 5
3.04 39 5 40 10
3.04 48 7 40 10
3.054 29 20 30 12
3.066 30 12 29 25
3.066 30 28 29 25
3.067 29 25 30 28
3.067 17 24 30 28
3.067 29 20 30 28
3.074 17 24 24 36
3.074 10 38 24 36
3.081 20 41 32 35
3.097 32 35 22 28
3.098 36 43 42 50
3.118 10 12 10 1
3.126 39 5 41 1
3.131 10 12 6 9
3.134 30 12 29 20
3.136 41 1 39 5
3.178 6 24 10 12
3.178 6 9 10 12
3.178 10 1 10 12
3.192 42 50 36 43
3.197 9 32 22 28
3.207 9 32 2 21
3.229 26 23 32 34
3.278 3 43 8 46
3.278 32 34 26 23
3.278 26 10 26 23
3.339 8 46 3 43
3.384 28 10 16 7
3.406 8 48 22 45
3.407 9 32 19 29
3.419 17 39 18 28
3.426 42 34 48 22
3.427 42 34 37 38
3.444 27 47 17 39
3.444 23 50 17 39
3.444 18 28 17 39
3.449 37 38 32 42
3.449 22 45 32 42
3.456 19 29 9 32
3.488 37 38 42 34
3.492 32 42 36 43
3.492 48 47 36 43
3.495 4 8 14 1
3.506 10 12 1 20
3.506 32 42 22 45
3.527 32 42 37 38
3.545 4 8 14 17
3.545 1 20 14 17
3.547 32 42 19 40
3.548 35 9 33 6
3.549 36 43 32 42
3.557 14 17 4 8
3.563 32 42 32 37
3.563 36 43 32 37
3.578 1 20 10 12
3.583 22 45 20 41
3.583 27 39 20 41
3.592 33 6 35 9
3.592 32 37 36 43
3.606 20 41 22 45
3.612 20 41 27 39
3.614 32 42 30 49
3.618 37 38 47 37
3.618 49 44 47 37
3.62 30 49 26 42
3.62 37 38 26 42
3.627 47 37 37 38
3.627 26 42 37 38
3.649 32 37 32 42
3.649 30 49 32 42
3.659 33 1 35 1
3.659 33 6 35 1
3.659 40 10 35 1
3.681 36 4 26 10
3.681 40 14 26 10
3.681 40 10 26 10
3.683 22 28 20 41
3.684 35 1 33 1
3.7 36 4 45 13
3.704 47 37 49 44
3.714 26 42 30 49
3.737 29 20 24 22
3.74 35 1 40 10
3.74 26 10 40 10
3.748 35 1 33 6
3.748 26 10 36 4
3.809 17 39 23 50
3.826 36 4 41 1
3.829 29 25 32 34
3.834 24 22 29 20
3.839 10 38 3 43
3.845 36 4 38 14
3.848 41 1 36 4
3.848 38 14 36 4
3.856 3 43 2 48
3.856 0 37 2 48
3.858 3 43 8 48
3.858 2 48 8 48
3.861 3 43 10 38
3.866 32 34 29 25
3.871 46 12 49 19
3.871 38 14 49 19
3.874 32 34 35 37
3.878 6 41 0 40
3.886 2 48 0 37
3.889 26 23 28 10
